rwfilter --type=out,outweb      \
        --sensor=S0             \
        --start=2009/4/20       \
        --proto=6               \
        --pass=stdout           \
| rwuniq --fields=packets --sort-output

   packets|   Records|
         1|      2573|
         2|       129|
         3|       133|
         4|        25|
         5|       271|
         6|       289|
         7|       182|
         8|        74|
         9|        61|
        10|        20|
        11|        20|
        12|         8|
        13|        16|
        14|         7|
        15|         1|
        16|         6|
        17|         1|
        18|         3|
        19|         2|
        20|         4|
        21|         2|
        24|         3|
        25|         1|
        26|         3|
        27|         2|
        28|         1|
        30|         3|
        32|         3|
        33|         1|
        37|         1|
        72|         1|
        74|         1|
        76|         1|
        78|         1|
        79|         1|
        84|         1|
        89|         1|
        94|         1|
        99|         1|
       114|         1|
       141|         1|
       194|         1|
       195|         1|
       201|         1|
       206|         1|
       297|         1|
       382|         1|
      1371|         1|
      1567|         1|
      1570|         2|
      1574|         1|
      1575|         1|
      1577|         1|
      1588|         1|
      1627|         1|
      1630|         2|
      1632|         1|
      1634|         1|
      1837|         1|
      1842|         1|
      1843|         1|
      1909|         1|
